Class Name;ATFD;CCC;CBO;DAC;DIT;CHD;CHEF;CHER;CHL;CHVC;CHVL;LCOM;CLOC;CMI;MPC;NCSS;NOAC;NOAM;NOA;SIZE2;NOC;NOM;NOO;NOOM;NOPA;RFC;TCC;WOC;WMC
cambio_moedas.Conversao;2;1;0;0;1;15,8824;4550,6107;0,0915;55;37;286,5199;1;25;52,2126;17;15;0;1;0;14;0;1;14;0;0;13;0,0;1,0;2
com.example.Application;0;0;0;0;1;3,0;90,0;0,0067;10;8;30,0;1;3;79,2493;1;1;0;1;0;15;0;1;15;0;0;2;0,0;1,0;1
com.example.base.ui.MainErrorHandler;4;0;0;1;1;15,0;2875,3046;0,0674;38;33;191,687;1;15;58,373;14;8;0;1;1;15;0;1;14;0;0;16;0,0;1,0;1
com.example.base.ui.MainLayout;12;2;0;0;3;18,24;9012,2831;0,1444;88;49;494,0945;2;30;48,7001;22;21;0;3;11;100;N/A;4;97;0;0;21;0,0;1,0;5
com.example.base.ui.component.ViewConversao;1;1;0;0;3;20,4286;11509,8667;0,1699;95;61;563,42;0;41;45,4665;24;29;0;0;7;154;0;1;154;0;0;24;0,0;0,0;2
com.example.base.ui.component.ViewEmail;1;1;0;0;3;24,5106;19468,2209;0,2412;126;79;794,2764;1;59;40,9184;32;42;0;1;7;155;0;2;155;0;0;33;0,0;1,0;3
com.example.base.ui.component.ViewQRCode;4;4;0;1;3;44,3774;56730,9769;0,4921;192;101;1278,3766;2;80;36,4544;49;58;0;3;8;158;0;4;157;0;0;45;0,3333;1,0;8
com.example.base.ui.component.ViewToolbar;12;1;2;0;3;12,1136;4411,5331;0,0897;71;35;364,1791;1;23;52,2147;10;16;0;1;9;79;N/A;2;78;0;0;8;0,0;1,0;3
com.example.examplefeature.Task;1;5;4;4;1;22,2727;11941,8866;0,1742;95;50;536,1663;4;46;44,2548;11;20;5;6;5;28;0;10;23;2;0;16;0,1333;0,1667;15
com.example.examplefeature.TaskRepository;N/A;0;N/A;N/A;N/A;N/A;N/A;N/A;N/A;N/A;N/A;N/A;0;0,0;N/A;N/A;N/A;N/A;N/A;N/A;N/A;N/A;N/A;N/A;N/A;N/A;N/A;N/A;N/A
com.example.examplefeature.TaskService;1;1;3;1;1;12,2778;1904,4615;0,0512;33;26;155,1145;1;16;58,2102;6;8;0;2;1;17;0;3;16;0;0;11;1,0;1,0;4
com.example.examplefeature.ui.TaskListView;10;0;4;5;5;43,9024;42929,3743;0,4087;151;89;977,8357;1;42;43,562;54;32;0;1;13;137;0;2;132;0;0;49;0,0;1,0;2
com.example.pdf.PDFGenerator;2;3;2;0;1;29,0;14894,1365;0,2018;91;50;513,5909;1;31;48,3048;27;26;0;1;0;14;0;1;14;0;0;24;0,0;1,0;4
envio_email.SendEmail;3;1;0;0;1;16,2069;7552,7528;0,1283;83;49;466,0209;1;42;45,8132;21;29;0;1;0;14;0;1;14;0;0;18;0,0;1,0;2
qr_codes.QRCodeApp;4;3;0;0;1;22,8;16353,8379;0,2148;120;63;717,2736;1;46;43,5178;29;38;0;3;0;16;0;3;16;0;0;23;1,0;1,0;5
